name: myenv
channels:
  - conda-forge
  - defaults
dependencies:
  - _tflow_select=2.3.0=mkl
  - absl-py=0.15.0=pyhd3eb1b0_0
  - astor=0.8.1=py36haa95532_0
  - blas=1.0=mkl
  - ca-certificates=2024.6.2=h56e8100_0
  - certifi=2021.5.30=py36ha15d459_0
  - coverage=5.5=py36h2bbff1b_2
  - cython=0.29.24=py36hd77b12b_0
  - dataclasses=0.8=pyh4f3eec9_6
  - freeglut=3.2.2=h63175ca_2
  - freetype=2.10.4=h546665d_1
  - gast=0.5.3=pyhd3eb1b0_0
  - google-pasta=0.2.0=pyh8c360ce_0
  - grpcio=1.12.1=py36h1a1b453_0
  - h5py=2.10.0=py36h5e291fa_0
  - hdf5=1.10.4=h7ebc959_0
  - icc_rt=2022.1.0=h6049295_2
  - icu=68.2=h0e60522_0
  - importlib-metadata=4.8.1=py36haa95532_0
  - intel-openmp=2019.4=245
  - jasper=2.0.33=hc2e4405_1
  - jbig=2.1=h8d14728_2003
  - jpeg=9e=hcfcfb64_3
  - keras=2.3.1=0
  - keras-applications=1.0.8=py_1
  - keras-base=2.3.1=py36_0
  - keras-preprocessing=1.1.2=pyhd3eb1b0_0
  - keyboard=0.13.5=py36ha15d459_0
  - lerc=2.2.1=h0e60522_0
  - libblas=3.8.0=20_mkl
  - libcblas=3.8.0=20_mkl
  - libclang=11.1.0=default_h5c34c98_1
  - libdeflate=1.7=h8ffe710_5
  - liblapack=3.8.0=20_mkl
  - liblapacke=3.8.0=20_mkl
  - libmklml=2019.0.5=haa95532_0
  - libopencv=4.5.3=py36h530cdb0_2
  - libpng=1.6.37=h1d00b33_2
  - libprotobuf=3.16.0=h7755175_0
  - libtiff=4.3.0=h0c97f57_1
  - libwebp-base=1.4.0=hcfcfb64_0
  - lz4-c=1.9.3=h8ffe710_1
  - markdown=3.3.4=py36haa95532_0
  - mkl=2020.2=256
  - mkl-service=2.3.0=py36h196d8e1_0
  - mkl_fft=1.3.0=py36h46781fe_0
  - mkl_random=1.1.1=py36h47e9c7a_0
  - numpy=1.19.2=py36hadc3359_0
  - numpy-base=1.19.2=py36ha3acd2a_0
  - opencv=4.5.3=py36ha15d459_2
  - openssl=1.1.1w=hcfcfb64_0
  - pip=21.2.2=py36haa95532_0
  - protobuf=3.16.0=py36he2d232f_0
  - py-opencv=4.5.3=py36h5098b23_2
  - pyreadline=2.1=py36_1
  - python=3.6.13=h3758d61_0
  - python_abi=3.6=2_cp36m
  - pywin32=301=py36h68aa20f_0
  - pyyaml=5.4.1=py36h2bbff1b_1
  - qt=5.12.9=h5909a2a_4
  - scipy=1.5.2=py36h9439919_0
  - setuptools=58.0.4=py36haa95532_0
  - six=1.16.0=pyhd3eb1b0_1
  - sqlite=3.45.3=h2bbff1b_0
  - tensorboard=1.14.0=py36_0
  - tensorflow=1.14.0=h39a9291_0
  - tensorflow-base=1.14.0=py36h9f0ad1d_0
  - tensorflow-estimator=1.14.0=py36h5ca1d4c_0
  - termcolor=1.1.0=py36haa95532_1
  - typing_extensions=4.1.1=pyh06a4308_0
  - ucrt=10.0.22621.0=h57928b3_0
  - vc=14.2=h2eaa2aa_1
  - vc14_runtime=14.40.33810=ha82c5b3_20
  - vs2015_runtime=14.40.33810=h3bf8584_20
  - werkzeug=2.0.3=pyhd3eb1b0_0
  - wheel=0.37.1=pyhd3eb1b0_0
  - wincertstore=0.2=py36h7fe50ca_0
  - wrapt=1.13.1=py36h68aa20f_0
  - xz=5.2.6=h8d14728_0
  - yaml=0.2.5=he774522_0
  - zipp=3.6.0=pyhd3eb1b0_0
  - zlib=1.2.13=h8cc25b3_1
  - zstd=1.5.0=h6255e5f_0
